201507212240	4681
201507212241	6787
201507212242	5586
201507212243	4734
201507212244	4680
201507212245	323
201507220109	1
201507220110	10099
201507220111	11670
201507220112	12255
201507220113	14463
201507220114	12289
201507220115	1533
201507220254	4
201507220255	12531
201507220256	13473
201507220257	13289
201507220258	11921
201507220259	11967
201507220300	1282
201507220500	11881
201507220501	24076
201507220502	23411
201507220503	23012
201507220504	17619
201507220629	2
201507220630	12441
201507220631	21513
201507220632	20489
201507220633	24642
201507220634	20915
201507220635	11868
201507220636	23301
201507220637	22896
201507220638	23944
201507220639	17987
201507220644	6
201507220645	11570
201507220646	24321
201507220647	23387
201507220648	22885
201507220649	17830
201507220700	13025
201507220701	23898
201507220702	22847
201507220703	20207
201507220704	20022
201507220755	17
201507220756	30
201507220757	21
201507220758	31
201507220759	37
201507220800	12
201507220905	31
201507220906	45
201507220907	40
201507220908	42
201507220909	35
201507220910	8
201507221150	50
201507221151	9
201507221152	48
201507221153	51
201507221154	24
201507221155	2
201507221209	1
201507221210	13012
201507221211	24120
201507221212	21987
201507221213	21004
201507221214	19875
201507221219	1
201507221220	9981
201507221221	24841
201507221222	22665
201507221223	19479
201507221224	21052
201507221225	1980
201507221239	1
201507221240	11474
201507221241	21058
201507221242	24095
201507221243	26457
201507221244	16914
201507221339	2
201507221340	9727
201507221341	21103
201507221342	22028
201507221343	18820
201507221344	17216
201507221345	8472
201507221359	1
201507221400	7472
201507221401	14476
201507221402	15907
201507221403	18247
201507221404	16340
201507221405	8347
201507221525	9
201507221526	13
201507221527	23
201507221528	33
201507221529	15
201507221530	4
201507221705	4035
201507221706	6128
201507221707	3300
201507221708	5163
201507221709	5061
201507221710	2465
